Initial state:
2113
2113
4665
4775
7007

Cost of the solution: 116

Number of states expanded: 23888

Solution: 

0
2113
2113
4665
4775
7007

1
2113
2113
4665
4775
7070

2
2113
2113
4665
4775
0770

3
2113
2113
0665
4775
4770

4
2113
2113
6605
4775
4770

5
2113
2113
6675
4705
4770

6
2113
2113
6670
4705
4775

7
2113
2113
6607
4705
4775

8
2113
2113
0667
4705
4775

9
2113
2113
4667
4705
0775

10
2113
2113
4667
4705
7075

11
2113
2113
4667
4705
7705

12
2113
2113
4667
4750
7750

13
2113
2113
4660
4757
7750

14
2113
2113
4066
4757
7750

15
2113
2113
4066
4750
7757

16
2113
2113
4766
4050
7757

17
2113
2113
4766
4750
7057

18
2113
2113
4766
4750
0757

19
2113
2113
0766
4750
4757

20
2113
2113
7066
4750
4757

21
2113
2113
7660
4750
4757

22
2110
2113
7663
4750
4757

23
2110
2110
7663
4753
4757

24
2011
2011
7663
4753
4757

25
0211
0211
7663
4753
4757

26
0211
7211
0663
4753
4757

27
7211
0211
0663
4753
4757

28
7211
0211
4663
4753
0757

29
7211
0211
4663
4753
7057

30
7211
4211
4663
0753
7057

31
7211
4211
4663
7053
7057

32
7211
4211
4663
7503
7507

33
7211
4211
4663
7503
7570

34
7211
4211
4663
7573
7500

35
7211
4211
4660
7573
7503

36
7211
4211
4066
7573
7503

37
7211
4211
4566
7573
7003

38
7211
4211
4566
7573
0703

39
7211
4211
4566
7573
0073

40
7211
4211
4066
7573
0573

41
7011
4211
4266
7573
0573

42
0711
4211
4266
7573
0573

43
4711
4211
0266
7573
0573

44
4711
4211
7266
0573
0573

45
4711
4211
7266
5073
5073

46
4711
4011
7266
5273
5073

47
4711
4011
7066
5273
5273

48
4711
4011
0766
5273
5273

49
4711
4711
0066
5273
5273

50
4711
4711
0660
5273
5273

51
4711
4711
6600
5273
5273

52
4711
4711
6603
5273
5270

53
4711
4711
6603
5273
5207

54
4711
4711
6603
5203
5277

55
4711
4711
6630
5230
5277

56
4711
4711
6630
5237
5270

57
4711
4711
6630
5237
5207

58
4711
4711
6600
5237
5237

59
4711
4711
0660
5237
5237

60
4711
4711
0066
5237
5237

61
4711
4711
0266
5237
5037

62
0711
4711
4266
5237
5037

63
7011
4711
4266
5237
5037

64
7711
4011
4266
5237
5037

65
7711
4211
4266
5037
5037

66
7711
4211
4266
5307
5307

67
7711
4211
4266
5370
5307

68
7711
4211
4266
5300
5377

69
7711
4211
4200
5366
5377

70
7700
4211
4211
5366
5377

71
7070
4211
4211
5366
5377

72
0770
4211
4211
5366
5377

73
4770
4211
0211
5366
5377

74
4707
4211
0211
5366
5377

75
4707
4211
5211
5366
0377

76
4077
4211
5211
5366
0377

77
4277
4211
5011
5366
0377

78
4277
4211
5311
5366
0077

79
4277
4211
5311
5366
0707

80
4277
4211
5311
5366
7007

81
4277
4211
5311
5366
7070

82
4277
4211
5311
5366
7700

83
4277
4211
5311
5300
7766

84
4277
4200
5311
5311
7766

85
4270
4207
5311
5311
7766

86
4207
4207
5311
5311
7766

87
4027
4027
5311
5311
7766

88
4027
4327
5311
5011
7766

89
4327
4327
5011
5011
7766

90
4327
4327
5110
5110
7766

91
4327
4320
5117
5110
7766

92
4320
4327
5117
5110
7766

93
4320
4327
5110
5117
7766

94
4320
4320
5117
5117
7766

95
4302
4302
5117
5117
7766

96
4032
4032
5117
5117
7766

97
0432
0432
5117
5117
7766

98
0432
5432
5117
0117
7766

99
5432
5432
0117
0117
7766

100
5432
5432
1107
1107
7766

101
5432
5432
1170
1107
7766

102
5432
5432
1177
1100
7766

103
5432
5432
1177
1166
7700

104
5432
5432
1177
1166
7070

105
5432
5432
1177
1166
0770

106
5432
5432
1177
1166
0707

107
5432
5432
1177
1166
0077

108
5432
5432
0077
1166
1177

109
5432
5432
0707
1166
1177

110
5432
5432
0770
1166
1177

111
5432
5432
7070
1166
1177

112
5432
5432
7700
1166
1177

113
5432
5432
7766
1100
1177

114
5432
5432
7766
1107
1170

115
5432
5432
7766
1107
1107

116
5432
5432
7766
0117
0117

