Initial state:
2663
2773
4115
4115
7007

Cost of the solution: 202

Number of states expanded: 250

Solution: 

0
2663
2773
4115
4115
7007

1
2663
2773
4115
4115
7070

2
2663
2773
4110
4115
7075

3
2660
2773
4113
4115
7075

4
2066
2773
4113
4115
7075

5
2066
2773
4113
4115
7705

6
2766
2073
4113
4115
7705

7
2766
2703
4113
4115
7705

8
2766
2703
4113
4115
7075

9
2766
2703
4113
4115
0775

10
2766
2703
0113
4115
4775

11
0766
2703
2113
4115
4775

12
7066
2703
2113
4115
4775

13
7660
2703
2113
4115
4775

14
7663
2703
2110
4115
4775

15
7663
2703
2115
4115
4770

16
7663
2703
2115
4115
4707

17
7663
2703
2115
4115
4077

18
7663
2073
2115
4115
4077

19
7663
2073
2115
4115
4707

20
7663
2073
2115
4115
4770

21
7663
2073
2110
4115
4775

22
7660
2073
2113
4115
4775

23
7066
2073
2113
4115
4775

24
0766
2073
2113
4115
4775

25
2766
2073
0113
4115
4775

26
2766
2073
4113
4115
0775

27
2066
2773
4113
4115
0775

28
2066
2773
0113
4115
4775

29
0066
2773
2113
4115
4775

30
0660
2773
2113
4115
4775

31
0663
2773
2110
4115
4775

32
0663
2773
2115
4115
4770

33
2663
2773
0115
4115
4770

34
2663
2773
4115
4115
0770

35
2663
2773
4115
4115
0707

36
2663
2773
0115
4115
4707

37
0663
2773
2115
4115
4707

38
6603
2773
2115
4115
4707

39
6603
2773
2115
4115
4770

40
6603
2773
2110
4115
4775

41
6600
2773
2113
4115
4775

42
6670
2703
2113
4115
4775

43
6673
2703
2110
4115
4775

44
6673
2703
2115
4115
4770

45
6673
2703
2115
4115
4707

46
6673
2703
2115
4115
4077

47
6673
2073
2115
4115
4077

48
6673
2073
2115
4115
4707

49
6673
2073
2115
4115
4770

50
6673
2073
2110
4115
4775

51
6670
2073
2113
4115
4775

52
6607
2073
2113
4115
4775

53
6677
2003
2113
4115
4775

54
6677
2113
2113
4005
4775

55
6677
2113
2113
4075
4705

56
6677
2113
2113
4705
4705

57
6677
2113
2113
4705
4075

58
6677
2113
2113
4075
4075

59
6677
2113
2113
0475
0475

60
6677
0113
2113
2475
0475

61
6677
0113
0113
2475
2475

62
6677
1103
1103
2475
2475

63
6677
1103
1173
2405
2475

64
6677
1103
1173
2475
2405

65
6677
1173
1103
2475
2405

66
6677
1173
1173
2405
2405

67
6677
1173
1173
2450
2450

68
6677
1170
1173
2453
2450

69
6677
1170
1170
2453
2453

70
6677
1170
1107
2453
2453

71
6677
1170
1157
2453
2403

72
6677
1107
1157
2453
2403

73
6677
1157
1157
2403
2403

74
6677
1157
1157
2430
2430

75
6677
1157
1150
2437
2430

76
6677
1157
1150
2430
2437

77
6677
1150
1157
2430
2437

78
6677
1150
1157
2437
2430

79
6670
1157
1157
2437
2430

80
6607
1157
1157
2437
2430

81
6657
1157
1107
2437
2430

82
6657
1157
1137
2437
2400

83
6657
1157
1137
2430
2407

84
6657
1157
1107
2430
2437

85
6607
1157
1157
2430
2437

86
0667
1157
1157
2430
2437

87
0667
1157
1150
2437
2437

88
6607
1157
1150
2437
2437

89
6657
1157
1100
2437
2437

90
6657
1157
1130
2437
2407

91
6657
1157
1130
2437
2470

92
6657
1157
1130
2430
2477

93
6657
1150
1137
2430
2477

94
6657
1150
1137
2437
2470

95
6657
1150
1137
2437
2407

96
6657
1150
1107
2437
2437

97
6607
1150
1157
2437
2437

98
0667
1150
1157
2437
2437

99
0660
1157
1157
2437
2437

100
6600
1157
1157
2437
2437

101
6650
1157
1107
2437
2437

102
6650
1157
1137
2437
2407

103
6650
1157
1137
2437
2470

104
6650
1157
1137
2430
2477

105
6650
1157
1130
2437
2477

106
6650
1150
1137
2437
2477

107
6605
1105
1137
2437
2477

108
6605
1135
1137
2407
2477

109
6635
1135
1107
2407
2477

110
6635
1135
1107
2470
2477

111
6605
1135
1137
2470
2477

112
0665
1135
1137
2470
2477

113
0665
1135
1137
2407
2477

114
0665
1135
1137
2477
2407

115
6605
1135
1137
2477
2407

116
6635
1135
1107
2477
2407

117
6635
1135
1107
2477
2470

118
6635
1135
1170
2477
2470

119
6630
1135
1175
2477
2470

120
6630
1135
1175
2477
2407

121
6635
1135
1170
2477
2407

122
6635
1135
1177
2470
2407

123
6635
1135
1177
2470
2470

124
6635
1135
1177
2407
2470

125
6635
1135
1177
2400
2477

126
6635
1135
1170
2407
2477

127
6630
1135
1175
2407
2477

128
6630
1135
1175
2470
2477

129
6630
1130
1175
2475
2477

130
6603
1103
1175
2475
2477

131
0663
1103
1175
2475
2477

132
0663
1173
1105
2475
2477

133
6603
1173
1105
2475
2477

134
6603
1173
1175
2405
2477

135
0663
1173
1175
2405
2477

136
0663
1173
1175
2475
2407

137
6603
1173
1175
2475
2407

138
6603
1173
1175
2475
2470

139
6603
1173
1170
2475
2475

140
6600
1173
1173
2475
2475

141
0660
1173
1173
2475
2475

142
0663
1173
1170
2475
2475

143
0663
1173
1107
2475
2475

144
6603
1173
1107
2475
2475

145
6603
1173
1177
2405
2475

146
0663
1173
1177
2405
2475

147
0663
1173
1177
2475
2405

148
6603
1173
1177
2475
2405

149
6673
1103
1177
2475
2405

150
6673
1173
1107
2475
2405

151
6673
1173
1170
2475
2405

152
6673
1173
1175
2475
2400

153
6673
1173
1175
2405
2470

154
6673
1173
1170
2405
2475

155
6670
1173
1173
2405
2475

156
6607
1173
1173
2405
2475

157
0667
1173
1173
2405
2475

158
0667
1173
1103
2475
2475

159
6607
1173
1103
2475
2475

160
6670
1173
1103
2475
2475

161
6673
1173
1100
2475
2475

162
6673
1173
1105
2475
2470

163
6673
1173
1105
2475
2407

164
6673
1173
1105
2405
2477

165
6673
1103
1175
2405
2477

166
6673
1103
1175
2475
2407

167
6673
1103
1175
2475
2470

168
6673
1103
1170
2475
2475

169
6673
1103
1107
2475
2475

170
6673
0113
0117
2475
2475

171
6673
0113
2117
2475
0475

172
6673
2113
2117
0475
0475

173
6673
2113
2117
4075
4075

174
6673
2113
2117
4075
4705

175
6673
2113
2117
4705
4705

176
6673
2113
2117
4705
4075

177
6673
2113
2117
4005
4775

178
6673
2003
2117
4115
4775

179
6603
2073
2117
4115
4775

180
0663
2073
2117
4115
4775

181
2663
2073
0117
4115
4775

182
2663
2073
4117
4115
0775

183
2663
2073
4117
4115
7075

184
2663
2073
4117
4115
7705

185
2663
2703
4117
4115
7705

186
2663
2703
4117
4115
7075

187
2663
2703
4117
4115
0775

188
2663
2703
0117
4115
4775

189
0663
2703
2117
4115
4775

190
6603
2703
2117
4115
4775

191
6630
2730
2117
4115
4775

192
6630
2737
2110
4115
4775

193
6630
2737
2115
4115
4770

194
6630
2737
2115
4115
4707

195
6630
2737
2115
4115
4077

196
6637
2730
2115
4115
4077

197
6637
2735
2115
4110
4077

198
6637
2735
2115
4110
4707

199
6637
2735
2115
4117
4700

200
6637
2735
2115
4117
4070

201
6637
2735
2115
4117
4007

202
6637
2735
2005
4117
4117

